Date,Attack,Death,Total-Attacks-To-Date,Total-Deaths-To-Date
19-Aug-1854,1,1,1,1
20-Aug-1854,1,0,2,1
21-Aug-1854,1,2,3,3
22-Aug-1854,0,0,3,3
23-Aug-1854,1,0,4,3
24-Aug-1854,1,2,5,5
25-Aug-1854,0,0,5,5
26-Aug-1854,1,0,6,5
27-Aug-1854,1,1,7,6
28-Aug-1854,1,0,8,6
29-Aug-1854,1,1,9,7
30-Aug-1854,8,2,17,9
31-Aug-1854,56,3,73,12
1-Sep-1854,143,70,216,82
2-Sep-1854,116,127,332,209
3-Sep-1854,54,76,386,285
4-Sep-1854,46,71,432,356
5-Sep-1854,36,45,468,401
6-Sep-1854,20,37,488,438
7-Sep-1854,28,32,516,470
8-Sep-1854,12,30,528,500
9-Sep-1854,11,24,539,524
10-Sep-1854,5,18,544,542
11-Sep-1854,5,15,549,557
12-Sep-1854,1,6,550,563
13-Sep-1854,3,13,553,580
14-Sep-1854,0,6,553,586
15-Sep-1854,1,8,554,594
16-Sep-1854,4,6,558,600
17-Sep-1854,2,5,560,605
18-Sep-1854,3,2,563,607
19-Sep-1854,0,3,563,610
20-Sep-1854,0,0,563,610
21-Sep-1854,2,0,565,610
22-Sep-1854,1,2,566,612
23-Sep-1854,1,3,567,615
24-Sep-1854,1,0,568,615
25-Sep-1854,1,0,569,615
26-Sep-1854,1,2,570,617
27-Sep-1854,1,0,571,617
28-Sep-1854,0,2,571,619
29-Sep-1854,0,1,571,620